T_0 = 7.949 + 273.15; % [K]
H = 309.48; % [K/m]
x = 